[7, 9, 5, 8, 4, 3, 1, 6, 2] -> 2
[8, 2, 3, 4, 5, 1, 6, 9, 7] -> 2
[6, 7, 4, 1, 5, 8, 2, 9, 3] -> 2
[6, 7, 4, 1, 5, 8, 2, 9, 3] -> 2
[1, 6, 3, 7, 4, 2, 9, 5, 8] -> 3
[7, 8, 4, 1, 5, 9, 2, 2, 3] -> 4
[2, 7, 3, 9, 4, 8, 4, 6, 5] -> 4
[6, 9, 3, 2, 4, 8, 3, 1, 5] -> 4
[2, 9, 4, 3, 5, 9, 8, 1, 7] -> 4
[1, 7, 7, 8, 5, 9, 3, 9, 2] -> 6
[4, 8, 5, 4, 5, 3, 9, 1, 7] -> 6
[7, 2, 2, 6, 5, 4, 3, 8, 6] -> 6
[4, 5, 8, 3, 6, 2, 1, 8, 5] -> 6
[3, 9, 6, 8, 5, 1, 1, 2, 7] -> 6
[3, 2, 6, 9, 5, 6, 2, 8, 1] -> 6
[4, 9, 9, 6, 6, 8, 3, 1, 5] -> 6
[2, 9, 7, 6, 4, 5, 3, 8, 1] -> 6
[7, 8, 5, 8, 4, 1, 2, 5, 3] -> 6
[2, 7, 3, 1, 4, 4, 8, 5, 6] -> 6
[2, 5, 7, 9, 6, 6, 1, 3, 9] -> 6
[2, 3, 1, 7, 4, 8, 9, 1, 5] -> 6
[5, 9, 6, 8, 5, 9, 3, 1, 2] -> 7
[2, 9, 3, 3, 4, 5, 6, 1, 5] -> 7
[1, 7, 2, 1, 3, 9, 9, 5, 4] -> 7
[7, 2, 6, 5, 5, 9, 6, 3, 1] -> 7
[2, 9, 3, 5, 4, 8, 5, 3, 7] -> 7
[7, 9, 6, 5, 4, 8, 2, 6, 1] -> 7
[6, 7, 3, 1, 4, 5, 9, 3, 8] -> 7
[2, 6, 9, 7, 4, 1, 3, 7, 1] -> 7
[8, 9, 3, 4, 3, 1, 1, 5, 5] -> 7
[1, 7, 2, 5, 3, 5, 1, 9, 2] -> 7
[1, 3, 4, 7, 6, 6, 2, 7, 8] -> 7
[2, 2, 1, 5, 4, 7, 9, 7, 6] -> 8
[2, 5, 7, 9, 6, 6, 1, 8, 6] -> 8
[6, 7, 3, 7, 4, 8, 5, 5, 6] -> 8
[2, 9, 5, 7, 5, 7, 3, 3, 4] -> 8
[3, 6, 4, 7, 5, 8, 4, 6, 5] -> 8
[4, 2, 9, 6, 6, 7, 4, 3, 1] -> 8
[7, 8, 2, 8, 2, 6, 5, 3, 6] -> 8
[6, 9, 7, 9, 5, 6, 3, 1, 5] -> 8
[6, 9, 4, 7, 3, 1, 2, 7, 2] -> 8
[5, 9, 7, 8, 5, 4, 3, 8, 6] -> 8
[6, 7, 2, 6, 2, 9, 3, 4, 1] -> 8
[3, 6, 4, 7, 5, 1, 3, 2, 7] -> 8
[7, 6, 2, 5, 3, 6, 9, 3, 8] -> 8
[3, 6, 3, 1, 5, 6, 2, 5, 4] -> 8
[1, 7, 2, 2, 4, 8, 3, 1, 5] -> 8
[6, 3, 1, 1, 4, 8, 5, 3, 8] -> 8
[1, 9, 3, 5, 4, 8, 9, 1, 5] -> 8
[2, 2, 1, 5, 4, 7, 9, 7, 6] -> 8
[7, 9, 2, 8, 2, 9, 3, 1, 5] -> 8
[5, 9, 6, 2, 3, 2, 9, 3, 1] -> 8
[1, 7, 5, 2, 5, 4, 3, 3, 1] -> 8
[3, 5, 7, 9, 6, 6, 1, 3, 9] -> 8
[6, 5, 4, 8, 4, 2, 6, 2, 1] -> 9
[3, 9, 6, 9, 5, 7, 3, 1, 5] -> 9
[1, 7, 3, 1, 4, 4, 8, 5, 6] -> 9
[2, 9, 3, 1, 4, 8, 9, 1, 5] -> 9
[6, 2, 3, 9, 5, 1, 3, 2, 7] -> 9
[7, 4, 1, 5, 2, 6, 8, 1, 5] -> 9
[4, 5, 4, 2, 6, 6, 2, 3, 8] -> 9
[2, 5, 7, 9, 6, 5, 3, 3, 6] -> 9
[2, 3, 2, 7, 4, 8, 5, 3, 1] -> 9
[7, 8, 5, 5, 4, 1, 3, 3, 1] -> 9
[6, 1, 9, 4, 7, 7, 8, 1, 5] -> 9
[4, 5, 4, 2, 6, 6, 3, 1, 5] -> 9
[5, 2, 9, 5, 4, 8, 9, 4, 1] -> 9
[2, 5, 3, 9, 4, 2, 4, 8, 5] -> 9
[2, 5, 7, 9, 6, 5, 3, 3, 6] -> 9
[7, 8, 3, 2, 4, 5, 6, 6, 7] -> 10
[4, 5, 4, 2, 6, 6, 2, 7, 8] -> 10
[6, 9, 8, 5, 4, 7, 8, 4, 2] -> 10
[4, 2, 9, 5, 7, 5, 2, 3, 8] -> 10
[2, 6, 9, 7, 5, 9, 3, 4, 1] -> 10
[2, 6, 9, 7, 5, 9, 3, 4, 1] -> 10
[7, 2, 3, 4, 3, 8, 5, 7, 1] -> 10
[6, 9, 4, 7, 3, 1, 2, 8, 1] -> 10
[3, 4, 4, 7, 5, 7, 6, 8, 6] -> 10
[3, 6, 4, 7, 5, 1, 6, 1, 5] -> 10
[4, 6, 9, 7, 5, 9, 3, 4, 1] -> 10
[7, 1, 4, 1, 6, 3, 3, 5, 4] -> 10
[8, 5, 2, 6, 4, 4, 1, 6, 7] -> 10
[6, 9, 9, 9, 4, 4, 2, 8, 1] -> 10
[5, 9, 3, 1, 4, 8, 5, 1, 5] -> 10
[1, 3, 2, 8, 4, 5, 4, 4, 1] -> 10
[4, 5, 4, 2, 6, 5, 1, 1, 3] -> 10
[6, 9, 7, 3, 5, 2, 2, 3, 5] -> 10
[7, 8, 5, 5, 5, 9, 3, 3, 4] -> 10
[2, 8, 2, 6, 3, 9, 5, 3, 5] -> 10
[4, 3, 4, 7, 5, 6, 6, 8, 5] -> 10
[4, 5, 4, 2, 6, 8, 5, 1, 5] -> 10
[7, 5, 2, 1, 4, 8, 5, 3, 8] -> 10
[7, 9, 6, 4, 2, 8, 9, 4, 1] -> 10
[2, 8, 2, 9, 2, 1, 4, 1, 5] -> 10
[3, 7, 2, 4, 3, 2, 1, 3, 5] -> 10
[7, 9, 6, 5, 4, 8, 3, 3, 1] -> 10
[7, 9, 6, 5, 3, 8, 5, 9, 2] -> 10
[5, 4, 1, 7, 2, 8, 8, 2, 5] -> 11
[5, 5, 2, 5, 4, 7, 3, 1, 2] -> 11
[6, 7, 6, 1, 5, 8, 3, 3, 1] -> 11
[6, 7, 4, 5, 5, 2, 1, 3, 7] -> 11
[1, 7, 7, 8, 5, 6, 8, 9, 8] -> 11
[5, 5, 3, 1, 5, 2, 7, 3, 8] -> 11
[1, 5, 9, 5, 4, 3, 5, 6, 1] -> 11
[1, 2, 4, 3, 6, 2, 3, 5, 6] -> 11
[8, 9, 6, 8, 4, 3, 4, 2, 3] -> 11
[2, 9, 3, 4, 4, 2, 6, 1, 5] -> 11
[6, 9, 3, 9, 2, 9, 6, 3, 1] -> 11
[4, 5, 4, 2, 6, 6, 2, 1, 5] -> 11
[2, 9, 4, 3, 4, 6, 3, 3, 1] -> 11
[3, 9, 2, 5, 2, 8, 3, 1, 5] -> 11
[5, 2, 2, 4, 4, 5, 3, 6, 1] -> 11
[7, 9, 6, 5, 2, 5, 5, 7, 1] -> 11
[2, 7, 4, 7, 4, 8, 9, 8, 6] -> 11
[2, 9, 9, 7, 5, 5, 5, 4, 2] -> 11
[2, 9, 8, 4, 5, 5, 1, 8, 1] -> 11
[4, 1, 2, 5, 6, 1, 3, 5, 4] -> 11
[6, 2, 9, 2, 4, 2, 4, 8, 1] -> 11
[8, 9, 3, 7, 2, 5, 6, 8, 6] -> 11
[2, 7, 3, 1, 4, 5, 2, 7, 1] -> 11
[2, 6, 3, 9, 4, 8, 4, 6, 5] -> 11
[1, 9, 3, 7, 3, 8, 8, 8, 6] -> 11
[3, 6, 4, 7, 5, 8, 4, 3, 5] -> 11
[3, 9, 8, 6, 4, 6, 8, 7, 2] -> 12
[2, 3, 1, 3, 4, 5, 3, 1, 5] -> 12
[2, 8, 5, 8, 5, 3, 6, 4, 6] -> 12
[3, 1, 6, 7, 5, 4, 2, 6, 1] -> 12
[5, 5, 2, 1, 4, 3, 5, 3, 4] -> 12
[5, 9, 6, 8, 4, 1, 7, 1, 5] -> 12
[8, 8, 8, 6, 5, 1, 5, 3, 4] -> 12
[8, 7, 3, 5, 4, 7, 8, 3, 5] -> 12
[6, 9, 4, 3, 4, 8, 5, 5, 4] -> 12
[7, 7, 3, 5, 4, 6, 3, 3, 5] -> 12
[2, 5, 2, 1, 4, 3, 5, 3, 4] -> 12
[4, 7, 2, 9, 3, 1, 1, 8, 5] -> 12
[2, 7, 3, 9, 4, 9, 3, 1, 5] -> 12
[2, 6, 3, 7, 5, 6, 4, 6, 8] -> 12
[1, 8, 8, 6, 4, 6, 8, 7, 2] -> 12
[1, 3, 9, 6, 7, 9, 1, 7, 7] -> 12
[8, 4, 8, 1, 5, 2, 7, 5, 4] -> 12
[7, 9, 2, 8, 2, 5, 3, 6, 4] -> 13
[1, 7, 2, 9, 3, 9, 3, 3, 8] -> 13
[1, 2, 1, 5, 4, 4, 3, 3, 1] -> 13
[7, 8, 2, 8, 2, 6, 6, 6, 9] -> 13
[6, 9, 9, 7, 5, 5, 5, 6, 4] -> 13
[2, 5, 7, 8, 2, 5, 5, 9, 1] -> 13
[6, 7, 6, 5, 5, 2, 4, 8, 5] -> 13
[5, 7, 2, 3, 3, 9, 3, 1, 1] -> 13
[1, 9, 3, 8, 2, 6, 8, 5, 3] -> 13
[5, 9, 5, 6, 4, 4, 1, 7, 8] -> 13
[3, 9, 2, 5, 2, 7, 2, 1, 5] -> 13
[9, 2, 2, 8, 4, 3, 4, 5, 1] -> 13
[8, 9, 3, 3, 4, 5, 6, 1, 5] -> 13
[2, 3, 1, 5, 4, 5, 1, 8, 5] -> 13
[7, 3, 4, 7, 5, 1, 3, 2, 7] -> 13
[6, 9, 9, 7, 5, 5, 5, 4, 2] -> 13
[1, 8, 3, 4, 4, 2, 1, 1, 3] -> 13
[3, 5, 6, 5, 5, 4, 7, 6, 4] -> 13
[2, 3, 1, 9, 4, 5, 6, 5, 8] -> 13
[1, 8, 2, 2, 3, 5, 1, 9, 2] -> 13
[2, 2, 6, 5, 7, 8, 2, 6, 4] -> 13
[8, 9, 3, 7, 3, 1, 5, 1, 3] -> 13
[8, 8, 3, 2, 4, 2, 1, 1, 3] -> 13
[2, 9, 2, 7, 1, 8, 2, 7, 1] -> 13
[2, 9, 2, 7, 2, 7, 5, 1, 5] -> 13
[2, 9, 3, 3, 2, 5, 5, 6, 1] -> 13
[6, 7, 2, 6, 2, 9, 3, 3, 1] -> 13
[2, 9, 3, 3, 2, 5, 5, 6, 1] -> 13
[1, 2, 1, 5, 4, 4, 3, 3, 1] -> 13
[2, 7, 3, 9, 4, 2, 6, 8, 5] -> 13
[7, 8, 9, 5, 5, 2, 2, 3, 5] -> 14
[1, 3, 2, 1, 5, 4, 3, 3, 1] -> 14
[3, 9, 6, 4, 5, 8, 2, 5, 5] -> 14
[2, 6, 1, 8, 1, 7, 3, 1, 5] -> 14
[3, 6, 3, 3, 4, 6, 2, 9, 1] -> 14
[2, 5, 3, 5, 4, 8, 9, 6, 7] -> 14
[4, 5, 3, 5, 5, 5, 6, 1, 7] -> 14
[5, 9, 7, 9, 5, 6, 3, 5, 3] -> 14
[1, 5, 3, 7, 5, 2, 1, 4, 1] -> 14
[5, 5, 2, 1, 4, 3, 4, 1, 5] -> 14
[2, 7, 3, 9, 5, 9, 3, 1, 2] -> 14
[1, 7, 3, 1, 5, 5, 5, 3, 6] -> 14
[2, 7, 3, 9, 4, 9, 3, 4, 7] -> 14
[6, 7, 7, 9, 5, 6, 1, 6, 8] -> 14
[8, 9, 3, 7, 2, 9, 5, 6, 4] -> 14
[1, 2, 4, 3, 6, 6, 5, 3, 4] -> 14
[2, 3, 1, 3, 4, 1, 6, 1, 7] -> 14
[8, 2, 4, 1, 5, 4, 3, 3, 1] -> 14
[6, 7, 6, 5, 5, 5, 1, 8, 1] -> 14
[2, 9, 2, 5, 2, 8, 3, 1, 5] -> 14
[6, 3, 9, 5, 7, 5, 3, 1, 2] -> 14
[2, 9, 2, 9, 2, 9, 8, 3, 7] -> 14
[5, 9, 6, 5, 5, 5, 1, 7, 2] -> 14
[8, 8, 3, 2, 4, 2, 6, 2, 9] -> 14
[3, 6, 3, 1, 5, 6, 2, 1, 6] -> 14
[5, 2, 9, 2, 2, 7, 9, 7, 1] -> 14
[6, 9, 5, 3, 5, 9, 3, 1, 5] -> 14
[2, 9, 7, 6, 5, 7, 4, 1, 5] -> 14
[2, 9, 3, 8, 2, 6, 8, 5, 3] -> 14
[2, 8, 2, 9, 2, 7, 1, 5, 6] -> 14
[2, 2, 3, 5, 7, 8, 5, 1, 3] -> 14
[2, 2, 1, 5, 4, 3, 4, 3, 6] -> 14
[9, 1, 3, 5, 6, 1, 3, 5, 4] -> 14
[8, 7, 3, 6, 3, 2, 3, 3, 1] -> 14
[3, 9, 7, 5, 5, 5, 4, 4, 6] -> 14
[2, 2, 3, 4, 7, 5, 1, 1, 3] -> 14
[5, 4, 1, 7, 2, 8, 5, 1, 7] -> 14
[2, 2, 6, 5, 7, 8, 2, 3, 1] -> 14
[4, 8, 4, 3, 4, 1, 3, 5, 3] -> 15
[1, 3, 4, 4, 7, 5, 6, 1, 5] -> 15
[1, 7, 3, 1, 4, 4, 2, 8, 1] -> 15
[5, 9, 5, 6, 4, 4, 1, 6, 7] -> 15
[7, 5, 2, 7, 1, 5, 8, 9, 3] -> 15
[3, 9, 7, 9, 5, 8, 5, 1, 5] -> 15
[2, 8, 2, 6, 3, 5, 2, 6, 7] -> 15
[7, 2, 9, 5, 4, 1, 8, 4, 2] -> 15
[8, 3, 3, 7, 1, 7, 7, 8, 1] -> 15
[5, 9, 7, 6, 5, 5, 5, 2, 4] -> 15
[2, 9, 2, 9, 2, 9, 1, 6, 8] -> 15
[6, 5, 2, 6, 3, 2, 1, 7, 7] -> 15
[2, 2, 2, 2, 4, 7, 9, 3, 1] -> 15
[3, 9, 7, 5, 5, 7, 1, 7, 2] -> 15
[7, 5, 2, 9, 3, 7, 5, 3, 8] -> 15
[7, 9, 2, 8, 2, 8, 2, 6, 4] -> 15
[5, 9, 8, 8, 4, 6, 6, 5, 3] -> 15
[5, 6, 4, 8, 5, 5, 5, 1, 7] -> 15
[7, 1, 3, 5, 5, 7, 3, 4, 1] -> 15
[3, 6, 3, 1, 5, 6, 3, 2, 6] -> 15
[7, 5, 1, 1, 1, 8, 3, 4, 1] -> 15
[8, 9, 7, 6, 4, 5, 6, 8, 6] -> 15
[4, 9, 2, 9, 2, 9, 2, 5, 6] -> 15
[2, 9, 5, 5, 5, 9, 3, 3, 4] -> 15
[3, 9, 7, 6, 6, 2, 2, 1, 5] -> 15
[4, 3, 4, 7, 5, 6, 4, 9, 5] -> 15
[5, 4, 1, 7, 2, 8, 5, 1, 5] -> 15
[2, 3, 1, 7, 3, 5, 6, 1, 7] -> 15
[6, 2, 1, 3, 4, 5, 3, 1, 5] -> 16
[7, 7, 3, 6, 3, 2, 3, 3, 1] -> 16
[5, 9, 9, 8, 6, 9, 2, 3, 9] -> 16
[2, 9, 4, 3, 5, 6, 5, 6, 4] -> 16
[2, 3, 1, 3, 4, 1, 5, 1, 5] -> 16
[9, 2, 3, 1, 5, 6, 5, 9, 2] -> 16
[6, 7, 5, 5, 5, 6, 7, 3, 7] -> 16
[1, 4, 1, 1, 3, 9, 2, 2, 3] -> 16
[6, 9, 3, 3, 4, 5, 5, 3, 7] -> 16
[2, 9, 2, 7, 2, 4, 7, 5, 6] -> 16
[3, 9, 3, 5, 2, 8, 5, 7, 1] -> 16
[7, 8, 2, 8, 2, 4, 9, 2, 4] -> 16
[1, 9, 8, 4, 5, 5, 1, 8, 1] -> 16
[6, 3, 2, 5, 5, 7, 5, 5, 6] -> 16
[1, 8, 3, 4, 4, 8, 1, 3, 5] -> 16
[2, 2, 9, 8, 6, 9, 3, 5, 6] -> 16
[8, 9, 3, 3, 4, 6, 2, 5, 3] -> 16
[5, 9, 7, 9, 4, 5, 6, 3, 4] -> 16
[7, 6, 3, 5, 5, 7, 6, 1, 7] -> 16
[5, 6, 8, 9, 5, 6, 3, 5, 3] -> 16
[2, 5, 3, 8, 6, 9, 2, 3, 9] -> 16
[2, 8, 2, 8, 2, 6, 5, 3, 6] -> 16
[7, 5, 2, 5, 3, 5, 1, 7, 1] -> 16
[5, 4, 8, 6, 6, 5, 5, 3, 5] -> 16
[2, 8, 8, 7, 5, 3, 5, 3, 5] -> 16
[2, 2, 9, 8, 6, 9, 1, 3, 7] -> 16
[7, 9, 3, 8, 2, 4, 3, 1, 5] -> 16
[1, 6, 3, 7, 4, 9, 3, 2, 5] -> 16
[1, 8, 8, 5, 4, 5, 5, 6, 1] -> 16
[1, 8, 3, 4, 5, 2, 1, 8, 6] -> 17
[7, 6, 3, 9, 5, 6, 3, 1, 5] -> 17
[8, 9, 3, 3, 4, 5, 6, 6, 7] -> 17
[5, 3, 3, 9, 5, 2, 2, 2, 5] -> 17
[2, 9, 3, 5, 5, 9, 8, 1, 7] -> 17
[8, 9, 8, 2, 4, 1, 2, 4, 1] -> 17
[2, 2, 1, 5, 5, 1, 2, 3, 9] -> 17
[6, 5, 2, 6, 3, 2, 2, 8, 1] -> 17
[7, 9, 3, 4, 4, 2, 1, 1, 3] -> 17
[4, 2, 1, 4, 5, 5, 2, 3, 1] -> 17
[7, 9, 6, 5, 4, 8, 7, 3, 5] -> 17
[7, 6, 3, 1, 4, 8, 4, 6, 8] -> 17
[7, 2, 3, 9, 5, 9, 3, 1, 2] -> 17
[2, 8, 5, 8, 4, 8, 3, 3, 1] -> 17
[7, 8, 2, 2, 3, 5, 1, 9, 2] -> 17
[3, 3, 4, 2, 7, 1, 6, 1, 5] -> 17
[8, 7, 4, 7, 3, 1, 2, 7, 2] -> 17
[8, 4, 8, 1, 5, 2, 7, 1, 2] -> 17
[2, 6, 2, 4, 3, 2, 1, 3, 5] -> 17
[8, 9, 3, 5, 2, 8, 7, 8, 6] -> 17
[1, 2, 6, 4, 8, 5, 1, 3, 7] -> 17
[8, 5, 3, 5, 5, 2, 6, 2, 4] -> 18
[4, 5, 3, 1, 6, 2, 2, 3, 5] -> 18
[1, 7, 7, 8, 5, 9, 3, 1, 2] -> 18
[1, 5, 2, 2, 4, 8, 3, 1, 5] -> 18
[6, 9, 8, 2, 4, 3, 3, 3, 1] -> 18
[2, 1, 3, 8, 7, 7, 2, 2, 7] -> 18
[3, 9, 6, 4, 5, 5, 5, 3, 5] -> 18
[2, 9, 3, 3, 4, 5, 5, 5, 4] -> 18
[2, 9, 2, 2, 2, 5, 6, 1, 7] -> 18
[7, 3, 3, 7, 4, 3, 6, 3, 1] -> 18
[6, 3, 2, 9, 5, 2, 6, 2, 9] -> 18
[2, 9, 5, 3, 5, 9, 3, 1, 5] -> 18
[5, 9, 5, 5, 5, 9, 3, 3, 4] -> 18
[1, 6, 3, 7, 5, 6, 5, 6, 4] -> 18
[2, 2, 1, 5, 4, 3, 4, 1, 5] -> 18
[1, 5, 3, 1, 5, 7, 1, 8, 1] -> 18
[2, 2, 9, 8, 6, 9, 1, 1, 5] -> 18
[2, 8, 8, 2, 4, 6, 3, 5, 1] -> 18
[2, 2, 9, 4, 8, 7, 7, 1, 5] -> 18
[1, 8, 3, 4, 5, 2, 5, 3, 7] -> 18
[8, 2, 3, 7, 4, 2, 1, 7, 1] -> 18
[8, 5, 3, 5, 4, 7, 8, 3, 5] -> 18
[1, 2, 5, 7, 7, 5, 2, 3, 5] -> 18
[5, 7, 2, 8, 2, 7, 3, 1, 5] -> 18
[5, 4, 1, 7, 2, 8, 5, 7, 2] -> 18
[2, 9, 3, 4, 4, 1, 3, 5, 4] -> 18
[7, 6, 3, 9, 5, 6, 5, 3, 8] -> 18
[5, 9, 5, 6, 5, 6, 4, 6, 8] -> 18
[9, 2, 3, 5, 4, 1, 5, 7, 7] -> 18
[2, 1, 3, 5, 5, 7, 3, 4, 1] -> 18
[6, 9, 8, 8, 4, 6, 3, 4, 2] -> 18
[5, 4, 8, 6, 6, 2, 6, 6, 7] -> 19
[1, 2, 5, 7, 7, 5, 2, 5, 4] -> 19
[6, 9, 8, 8, 4, 6, 2, 5, 3] -> 19
[2, 9, 7, 6, 4, 5, 6, 8, 6] -> 19
[9, 1, 3, 5, 5, 7, 7, 5, 6] -> 19
[1, 7, 2, 8, 2, 7, 9, 3, 1] -> 19
[5, 8, 5, 8, 4, 5, 3, 1, 6] -> 19
[4, 3, 1, 2, 4, 3, 4, 8, 5] -> 19
[2, 9, 2, 9, 3, 8, 1, 3, 5] -> 19
[7, 9, 3, 3, 4, 5, 5, 3, 7] -> 19
[2, 9, 2, 9, 3, 7, 1, 1, 6] -> 19
[5, 9, 3, 5, 3, 2, 2, 8, 1] -> 19
[2, 3, 2, 9, 4, 5, 5, 3, 7] -> 19
[2, 5, 5, 7, 3, 5, 8, 9, 3] -> 19
[7, 9, 3, 7, 2, 1, 3, 3, 5] -> 19
[8, 2, 5, 7, 3, 5, 8, 9, 3] -> 19
[8, 2, 2, 6, 4, 8, 2, 6, 1] -> 19
[2, 7, 5, 3, 5, 9, 6, 1, 5] -> 19
[7, 2, 2, 4, 5, 5, 5, 5, 4] -> 19
[5, 2, 1, 5, 4, 4, 5, 3, 5] -> 19
[5, 5, 2, 5, 3, 8, 3, 8, 1] -> 19
[2, 5, 2, 9, 3, 7, 1, 5, 4] -> 19
[2, 7, 5, 3, 5, 6, 3, 1, 5] -> 19
[2, 8, 5, 7, 2, 7, 9, 3, 1] -> 19
[2, 7, 2, 6, 2, 9, 3, 3, 1] -> 19
[1, 7, 2, 1, 3, 1, 1, 5, 5] -> 19
[7, 1, 3, 5, 5, 7, 9, 5, 6] -> 20
[2, 3, 4, 5, 5, 1, 1, 6, 5] -> 20
[2, 7, 3, 5, 5, 7, 9, 5, 6] -> 20
[2, 6, 9, 7, 5, 9, 3, 5, 4] -> 20
[6, 7, 4, 4, 5, 4, 3, 3, 1] -> 20
[6, 3, 4, 5, 5, 6, 5, 6, 4] -> 20
[7, 9, 2, 8, 2, 5, 3, 3, 1] -> 20
[1, 4, 1, 1, 3, 2, 3, 4, 2] -> 20
[2, 9, 2, 9, 3, 7, 7, 1, 5] -> 20
[5, 9, 2, 7, 3, 7, 1, 1, 3] -> 20
[4, 1, 2, 5, 7, 8, 3, 7, 2] -> 20
[2, 8, 7, 7, 5, 9, 2, 2, 3] -> 20
[7, 6, 5, 3, 6, 6, 5, 3, 4] -> 20
[2, 2, 3, 8, 7, 8, 2, 6, 4] -> 20
[7, 6, 3, 9, 5, 5, 5, 2, 4] -> 20
[4, 8, 5, 4, 5, 5, 4, 4, 6] -> 20
[5, 9, 6, 7, 4, 6, 3, 6, 7] -> 20
[2, 8, 2, 9, 3, 2, 1, 3, 5] -> 20
[2, 2, 3, 5, 4, 9, 3, 6, 1] -> 20
[2, 7, 4, 7, 4, 8, 3, 1, 5] -> 20
[2, 7, 4, 7, 4, 5, 9, 3, 1] -> 20
[7, 9, 3, 8, 3, 3, 4, 5, 3] -> 20
[7, 8, 2, 3, 4, 9, 4, 1, 3] -> 21
[2, 8, 7, 5, 5, 3, 5, 3, 5] -> 21
[2, 5, 2, 1, 5, 2, 8, 4, 7] -> 21
[4, 5, 8, 9, 5, 8, 4, 6, 9] -> 21
[6, 8, 3, 7, 2, 5, 3, 6, 4] -> 21
[7, 6, 5, 6, 4, 4, 1, 7, 8] -> 21
[2, 8, 2, 7, 4, 8, 9, 1, 5] -> 21
[8, 5, 1, 1, 3, 9, 2, 5, 6] -> 21
[7, 8, 9, 5, 4, 1, 5, 7, 7] -> 21
[7, 2, 6, 5, 5, 2, 7, 1, 2] -> 21
[3, 6, 7, 5, 5, 3, 3, 5, 4] -> 21
[5, 7, 2, 8, 2, 7, 9, 3, 1] -> 21
[8, 5, 8, 5, 5, 7, 1, 7, 2] -> 21
[2, 6, 9, 7, 4, 1, 3, 5, 3] -> 21
[8, 9, 3, 5, 2, 8, 7, 3, 6] -> 21
[4, 2, 3, 5, 5, 3, 4, 5, 3] -> 21
[6, 9, 9, 8, 2, 5, 9, 3, 1] -> 21
[5, 7, 2, 8, 2, 7, 9, 3, 1] -> 21
[6, 7, 2, 6, 2, 9, 3, 3, 8] -> 21
[1, 2, 5, 7, 7, 5, 2, 2, 5] -> 21
[5, 9, 6, 5, 5, 2, 1, 5, 1] -> 21
[2, 9, 2, 7, 2, 8, 8, 8, 6] -> 21
[2, 7, 5, 3, 5, 8, 1, 3, 5] -> 21
[2, 2, 1, 5, 4, 2, 4, 1, 5] -> 21
[6, 9, 7, 5, 4, 8, 7, 3, 5] -> 21
[6, 9, 7, 5, 4, 8, 7, 5, 6] -> 21
[8, 9, 8, 2, 4, 1, 4, 1, 5] -> 22
[2, 9, 2, 7, 2, 4, 7, 6, 4] -> 22
[2, 3, 1, 5, 4, 8, 8, 4, 2] -> 22
[2, 4, 5, 7, 7, 5, 1, 8, 5] -> 22
[2, 7, 5, 3, 5, 9, 3, 1, 5] -> 22
[2, 5, 3, 5, 4, 9, 3, 7, 4] -> 22
[6, 9, 8, 8, 4, 6, 3, 6, 5] -> 22
[1, 6, 9, 4, 8, 5, 3, 2, 9] -> 22
[2, 4, 5, 7, 7, 5, 1, 8, 5] -> 22
[2, 5, 3, 5, 4, 9, 3, 7, 4] -> 22
[2, 9, 4, 3, 4, 9, 2, 3, 5] -> 22
[2, 9, 3, 5, 5, 8, 5, 1, 3] -> 22
[5, 9, 3, 8, 2, 7, 5, 7, 1] -> 22
[2, 1, 2, 5, 7, 8, 3, 7, 2] -> 22
[1, 3, 4, 7, 7, 5, 6, 5, 6] -> 22
[6, 6, 3, 1, 4, 8, 4, 6, 8] -> 22
[4, 5, 3, 5, 5, 5, 6, 1, 5] -> 22
[6, 9, 8, 2, 4, 1, 2, 1, 5] -> 22
[8, 9, 3, 4, 3, 8, 5, 9, 2] -> 22
[1, 7, 4, 7, 6, 5, 1, 1, 5] -> 22
[2, 8, 3, 9, 2, 9, 2, 8, 1] -> 22
[5, 2, 8, 4, 8, 6, 1, 5, 3] -> 22
[7, 9, 6, 5, 6, 2, 2, 1, 5] -> 22
[2, 6, 2, 2, 5, 6, 4, 1, 5] -> 22
[7, 5, 2, 5, 3, 8, 1, 3, 5] -> 23
[1, 2, 1, 1, 4, 7, 7, 3, 5] -> 23
[3, 9, 3, 5, 4, 5, 3, 3, 4] -> 23
[3, 6, 1, 7, 2, 9, 8, 1, 7] -> 23
[6, 7, 2, 6, 2, 9, 6, 1, 5] -> 23
[6, 7, 6, 1, 5, 6, 3, 2, 6] -> 23
[9, 5, 2, 5, 5, 7, 6, 1, 7] -> 23
[7, 5, 2, 5, 3, 8, 1, 3, 5] -> 23
[6, 3, 4, 7, 7, 5, 8, 1, 7] -> 23
[3, 6, 3, 1, 4, 8, 4, 6, 8] -> 23
[4, 3, 4, 5, 5, 2, 4, 1, 5] -> 23
[8, 9, 2, 8, 2, 5, 3, 3, 1] -> 23
[5, 7, 6, 7, 5, 7, 6, 1, 7] -> 23
[5, 8, 2, 5, 4, 9, 3, 3, 8] -> 23
[1, 9, 8, 4, 5, 5, 5, 3, 5] -> 23
[7, 9, 3, 8, 3, 5, 8, 5, 3] -> 23
[4, 9, 3, 3, 4, 1, 3, 5, 4] -> 23
[8, 9, 3, 3, 4, 5, 3, 3, 8] -> 23
[6, 7, 6, 1, 5, 6, 6, 3, 1] -> 23
[7, 6, 3, 9, 5, 6, 3, 6, 7] -> 23
[2, 3, 1, 5, 2, 9, 6, 8, 6] -> 23
[6, 7, 2, 7, 2, 5, 9, 3, 1] -> 23
[6, 2, 3, 4, 3, 8, 5, 9, 2] -> 23
[7, 9, 2, 4, 3, 2, 1, 3, 5] -> 23
[6, 9, 8, 5, 4, 7, 5, 3, 7] -> 24
[2, 9, 4, 3, 6, 6, 5, 3, 4] -> 24
[5, 3, 8, 9, 7, 5, 6, 3, 5] -> 24
[6, 7, 5, 4, 7, 8, 5, 1, 3] -> 24
[1, 7, 4, 7, 6, 5, 1, 7, 2] -> 24
[2, 3, 1, 5, 2, 2, 4, 5, 3] -> 24
[9, 3, 3, 1, 4, 1, 5, 3, 7] -> 24
[4, 2, 2, 2, 5, 6, 3, 3, 5] -> 24
[1, 5, 5, 2, 7, 3, 8, 9, 8] -> 24
[1, 9, 3, 4, 5, 8, 6, 8, 5] -> 24
[1, 2, 8, 5, 4, 1, 8, 4, 2] -> 24
[2, 8, 4, 3, 6, 1, 3, 5, 4] -> 24
[1, 1, 7, 4, 8, 7, 7, 5, 6] -> 24
[8, 9, 2, 4, 3, 2, 1, 3, 5] -> 24
[6, 7, 6, 7, 5, 7, 6, 1, 7] -> 24
[7, 6, 5, 5, 4, 8, 7, 3, 5] -> 25
[1, 4, 1, 1, 3, 9, 1, 4, 1] -> 25
[6, 3, 1, 5, 2, 9, 5, 3, 7] -> 25
[2, 4, 5, 7, 5, 7, 4, 1, 5] -> 25
[6, 9, 8, 8, 4, 6, 3, 2, 6] -> 25
[5, 6, 4, 8, 5, 5, 5, 3, 5] -> 25
[2, 2, 3, 5, 5, 2, 3, 5, 4] -> 25
[7, 9, 6, 4, 5, 5, 5, 7, 2] -> 25
[2, 1, 2, 5, 4, 4, 2, 8, 1] -> 25
[8, 9, 2, 9, 3, 8, 4, 1, 3] -> 25
[2, 9, 5, 2, 5, 5, 5, 5, 4] -> 25
[2, 2, 9, 8, 6, 9, 6, 2, 9] -> 25
[3, 9, 3, 5, 2, 4, 5, 8, 1] -> 25
[7, 2, 8, 3, 8, 5, 1, 1, 3] -> 25
[2, 6, 2, 2, 5, 6, 3, 3, 5] -> 25
[1, 2, 2, 4, 5, 5, 5, 5, 4] -> 25
[7, 6, 3, 9, 5, 6, 5, 6, 7] -> 25
[6, 2, 3, 7, 7, 2, 3, 1, 5] -> 25
[3, 6, 3, 7, 3, 7, 3, 4, 1] -> 25
[5, 6, 4, 8, 5, 5, 5, 3, 5] -> 25
[7, 6, 3, 7, 5, 6, 5, 6, 4] -> 26
[7, 6, 2, 1, 5, 3, 5, 3, 4] -> 26
[1, 7, 5, 2, 5, 5, 5, 5, 4] -> 26
[7, 6, 5, 5, 4, 8, 1, 8, 6] -> 26
[2, 9, 5, 5, 4, 8, 5, 5, 6] -> 26
[6, 9, 3, 9, 2, 9, 6, 1, 5] -> 26
[6, 7, 2, 6, 2, 7, 1, 1, 6] -> 26
[2, 9, 7, 6, 7, 6, 3, 8, 5] -> 26
[2, 5, 4, 6, 4, 4, 2, 4, 1] -> 26
[2, 9, 7, 6, 7, 9, 8, 3, 7] -> 26
[2, 4, 5, 7, 7, 5, 7, 1, 5] -> 26
[1, 1, 2, 5, 4, 4, 2, 8, 1] -> 26
[6, 9, 8, 2, 4, 5, 1, 5, 4] -> 26
[2, 9, 7, 6, 7, 5, 4, 4, 6] -> 27
[2, 9, 4, 3, 6, 1, 3, 5, 4] -> 27
[3, 6, 1, 8, 2, 8, 2, 6, 7] -> 27
[6, 3, 2, 2, 4, 8, 2, 6, 7] -> 27
[6, 7, 5, 4, 7, 8, 5, 1, 7] -> 27
[7, 1, 1, 5, 6, 8, 5, 7, 2] -> 27
[5, 5, 3, 5, 5, 8, 5, 3, 8] -> 27
[3, 8, 3, 5, 5, 1, 1, 6, 5] -> 27
[4, 8, 4, 5, 3, 5, 4, 9, 5] -> 27
[3, 6, 9, 5, 4, 1, 5, 3, 4] -> 27
[1, 7, 6, 7, 5, 7, 6, 1, 7] -> 27
[2, 2, 1, 6, 5, 5, 2, 7, 1] -> 27
[4, 5, 7, 5, 4, 9, 3, 4, 1] -> 27
[7, 1, 3, 5, 5, 4, 5, 3, 5] -> 27
[5, 5, 3, 5, 5, 2, 3, 1, 5] -> 27
[8, 9, 3, 5, 1, 2, 2, 6, 7] -> 27
[1, 9, 3, 7, 5, 6, 5, 6, 4] -> 27
[6, 7, 8, 7, 2, 8, 4, 7, 1] -> 28
[2, 9, 2, 7, 4, 8, 9, 1, 5] -> 28
[3, 9, 3, 5, 2, 4, 3, 5, 4] -> 28
[5, 2, 3, 1, 8, 4, 4, 6, 8] -> 28
[4, 2, 1, 4, 5, 5, 5, 5, 4] -> 28
[8, 5, 2, 9, 2, 7, 1, 1, 5] -> 28
[6, 3, 2, 2, 4, 8, 2, 6, 4] -> 28
[5, 9, 6, 7, 2, 5, 3, 4, 1] -> 28
[3, 9, 3, 5, 2, 8, 7, 3, 6] -> 28
[2, 9, 8, 2, 4, 1, 4, 1, 5] -> 28
[1, 9, 8, 1, 7, 4, 3, 3, 1] -> 28
[8, 9, 3, 4, 5, 6, 6, 3, 8] -> 28
[8, 7, 5, 4, 7, 8, 5, 1, 3] -> 28
[6, 9, 8, 5, 4, 8, 1, 5, 6] -> 28
[1, 9, 3, 7, 3, 5, 5, 6, 1] -> 28
[2, 2, 3, 7, 4, 2, 1, 7, 1] -> 28
[2, 4, 5, 7, 7, 1, 7, 1, 5] -> 28
[1, 3, 6, 7, 8, 5, 1, 1, 5] -> 28
[4, 3, 1, 2, 4, 3, 4, 9, 3] -> 28
[1, 7, 3, 6, 3, 5, 1, 3, 9] -> 28
[5, 5, 2, 5, 3, 5, 1, 3, 9] -> 29
[2, 2, 3, 5, 5, 1, 1, 5, 5] -> 29
[4, 5, 8, 5, 5, 6, 5, 3, 8] -> 29
[2, 9, 2, 9, 2, 9, 2, 6, 1] -> 29
[8, 8, 8, 1, 4, 4, 3, 2, 6] -> 29
[8, 4, 3, 9, 3, 7, 1, 1, 6] -> 29
[6, 9, 8, 7, 7, 8, 3, 3, 8] -> 29
[2, 2, 2, 3, 4, 9, 4, 3, 1] -> 29
[5, 6, 5, 5, 2, 5, 9, 3, 1] -> 29
[8, 9, 3, 2, 5, 5, 5, 1, 2] -> 29
[2, 9, 5, 5, 4, 8, 5, 1, 5] -> 29
[2, 9, 7, 6, 7, 9, 1, 7, 7] -> 29
[4, 8, 9, 5, 4, 8, 9, 5, 4] -> 29
[4, 8, 4, 5, 3, 5, 7, 1, 5] -> 29
[4, 5, 7, 4, 8, 5, 1, 3, 7] -> 29
[2, 9, 4, 3, 6, 3, 5, 3, 5] -> 29
[7, 1, 1, 3, 7, 2, 1, 8, 5] -> 29
[2, 1, 7, 5, 5, 3, 6, 1, 5] -> 29
[1, 7, 1, 7, 1, 8, 3, 3, 5] -> 29
[5, 9, 6, 7, 2, 4, 3, 3, 1] -> 30
[2, 2, 9, 5, 8, 1, 2, 5, 4] -> 30
[1, 2, 8, 7, 4, 7, 2, 6, 1] -> 30
[3, 4, 7, 3, 4, 5, 6, 6, 3] -> 30
[6, 3, 2, 4, 3, 2, 1, 5, 4] -> 30
[8, 9, 3, 2, 5, 2, 1, 3, 1] -> 30
[2, 5, 3, 6, 3, 2, 3, 3, 1] -> 30
[3, 7, 4, 8, 7, 8, 3, 1, 5] -> 31
[5, 2, 9, 6, 8, 6, 3, 3, 1] -> 31
[8, 2, 3, 7, 4, 8, 5, 3, 8] -> 31
[8, 9, 8, 6, 7, 5, 4, 4, 6] -> 31
[2, 3, 1, 5, 2, 9, 5, 3, 7] -> 31
[2, 5, 5, 5, 4, 8, 7, 3, 6] -> 31
[8, 2, 3, 5, 3, 6, 3, 4, 1] -> 31
[2, 8, 3, 9, 2, 9, 6, 1, 5] -> 31
[8, 9, 2, 9, 3, 8, 1, 7, 1] -> 31
[1, 8, 3, 7, 2, 6, 6, 6, 8] -> 31
[2, 9, 3, 7, 4, 3, 6, 3, 1] -> 31
[5, 6, 4, 8, 5, 5, 5, 7, 2] -> 31
[8, 9, 3, 3, 4, 5, 6, 3, 1] -> 31
[2, 9, 9, 5, 4, 8, 6, 1, 5] -> 31
[5, 9, 8, 5, 4, 8, 1, 5, 6] -> 31
[8, 9, 3, 4, 3, 8, 5, 7, 1] -> 32
[1, 2, 6, 7, 5, 7, 6, 1, 7] -> 32
[8, 9, 3, 5, 1, 2, 2, 1, 5] -> 32
[2, 1, 3, 5, 5, 7, 5, 5, 6] -> 32
[2, 9, 5, 7, 3, 7, 1, 7, 2] -> 32
[1, 7, 4, 7, 7, 8, 3, 3, 8] -> 32
[2, 9, 4, 8, 7, 8, 3, 1, 5] -> 32
[1, 2, 4, 5, 9, 9, 3, 5, 8] -> 32
[1, 8, 8, 5, 4, 8, 7, 3, 6] -> 32
[6, 3, 2, 4, 3, 2, 1, 3, 5] -> 32
[1, 3, 3, 5, 4, 7, 8, 3, 5] -> 32
[2, 9, 3, 3, 2, 2, 1, 1, 5] -> 32
[2, 5, 2, 9, 2, 2, 6, 6, 7] -> 32
[5, 7, 1, 4, 1, 7, 1, 7, 8] -> 32
[8, 9, 8, 7, 2, 9, 5, 3, 1] -> 33
[8, 4, 8, 1, 8, 4, 3, 1, 5] -> 33
[2, 9, 7, 6, 7, 6, 3, 4, 1] -> 33
[7, 5, 1, 1, 1, 8, 1, 1, 5] -> 33
[1, 8, 8, 7, 3, 5, 8, 5, 3] -> 33
[8, 9, 8, 1, 7, 4, 3, 3, 1] -> 33
[4, 8, 9, 5, 4, 8, 9, 2, 4] -> 33
[2, 5, 5, 5, 5, 5, 4, 4, 6] -> 33
[4, 5, 5, 1, 4, 7, 8, 3, 5] -> 33
[3, 6, 3, 7, 2, 7, 1, 8, 1] -> 33
[1, 7, 2, 9, 5, 6, 3, 5, 3] -> 33
[5, 5, 2, 5, 3, 8, 4, 5, 5] -> 34
[2, 2, 3, 5, 5, 2, 2, 3, 5] -> 34
[2, 9, 3, 5, 5, 2, 3, 4, 2] -> 34
[4, 2, 8, 5, 4, 8, 8, 4, 2] -> 34
[6, 3, 4, 5, 4, 5, 3, 1, 5] -> 34
[4, 5, 5, 4, 5, 5, 4, 4, 6] -> 34
[2, 2, 7, 5, 5, 3, 5, 3, 5] -> 34
[2, 1, 7, 5, 5, 3, 5, 3, 5] -> 34
[7, 7, 6, 7, 2, 5, 3, 4, 1] -> 34
[2, 2, 1, 5, 4, 2, 4, 8, 1] -> 35
[2, 8, 7, 3, 4, 9, 1, 7, 7] -> 35
[2, 8, 3, 3, 2, 1, 3, 1, 5] -> 35
[2, 9, 3, 3, 2, 5, 3, 1, 5] -> 35
[8, 9, 3, 4, 5, 6, 6, 8, 5] -> 35
[2, 1, 2, 5, 4, 6, 5, 3, 8] -> 35
[7, 8, 2, 3, 4, 9, 6, 3, 1] -> 35
[1, 7, 2, 7, 5, 3, 5, 3, 4] -> 35
[5, 4, 1, 7, 2, 8, 5, 7, 1] -> 35
[6, 9, 7, 4, 8, 5, 1, 1, 3] -> 35
[5, 4, 1, 7, 2, 8, 5, 7, 1] -> 35
[2, 6, 3, 8, 7, 8, 7, 1, 7] -> 35
[8, 9, 3, 2, 5, 1, 1, 7, 1] -> 35
[1, 6, 3, 7, 2, 5, 3, 6, 4] -> 35
[4, 5, 4, 5, 4, 9, 2, 3, 5] -> 35
[1, 2, 5, 5, 5, 2, 3, 1, 5] -> 35
[3, 6, 9, 5, 4, 8, 5, 5, 6] -> 36
[2, 2, 8, 5, 4, 8, 8, 4, 2] -> 36
[5, 2, 6, 5, 4, 8, 7, 3, 5] -> 36
[2, 9, 3, 5, 5, 3, 4, 5, 3] -> 36
[2, 5, 2, 9, 2, 9, 2, 4, 1] -> 36
[4, 5, 7, 5, 4, 8, 7, 3, 5] -> 36
[2, 3, 1, 5, 2, 9, 3, 3, 5] -> 36
[6, 8, 2, 3, 4, 9, 6, 3, 1] -> 36
[2, 9, 3, 3, 2, 2, 2, 1, 5] -> 36
[6, 2, 5, 2, 5, 5, 5, 5, 4] -> 36
[5, 4, 8, 7, 3, 5, 8, 5, 3] -> 36
[2, 8, 7, 5, 3, 4, 3, 5, 4] -> 37
[1, 1, 7, 5, 5, 3, 5, 3, 5] -> 37
[2, 9, 9, 6, 8, 6, 3, 4, 2] -> 37
[8, 9, 8, 7, 7, 8, 3, 3, 8] -> 37
[8, 9, 3, 2, 5, 5, 5, 5, 4] -> 37
[1, 2, 4, 5, 9, 9, 3, 5, 5] -> 37
[2, 7, 4, 7, 7, 2, 3, 1, 5] -> 37
[8, 9, 3, 2, 5, 5, 5, 5, 4] -> 37
[1, 7, 5, 5, 4, 8, 5, 1, 5] -> 37
[2, 7, 4, 1, 8, 4, 3, 1, 5] -> 37
[1, 1, 6, 6, 9, 6, 8, 3, 7] -> 37
[5, 3, 5, 1, 4, 7, 8, 3, 5] -> 37
[5, 5, 6, 5, 4, 8, 9, 1, 5] -> 38
[2, 9, 2, 5, 4, 2, 3, 3, 4] -> 38
[5, 2, 2, 1, 8, 2, 3, 5, 6] -> 38
[4, 5, 4, 5, 4, 5, 3, 3, 4] -> 38
[2, 9, 2, 5, 4, 2, 3, 3, 4] -> 38
[1, 5, 1, 5, 4, 8, 1, 5, 6] -> 38
[2, 5, 1, 1, 1, 8, 1, 1, 5] -> 38
[6, 2, 3, 7, 8, 3, 6, 1, 3] -> 39
[3, 8, 7, 7, 8, 5, 1, 1, 5] -> 39
[4, 9, 9, 4, 7, 4, 2, 8, 1] -> 39
[5, 2, 9, 5, 4, 8, 9, 2, 4] -> 39
[1, 1, 1, 4, 8, 5, 1, 6, 5] -> 39
[2, 5, 4, 7, 2, 4, 2, 6, 1] -> 39
[2, 7, 5, 3, 1, 6, 6, 4, 1] -> 39
[2, 2, 3, 5, 4, 9, 3, 1, 5] -> 39
[2, 9, 9, 2, 2, 7, 9, 3, 1] -> 39
[7, 6, 5, 7, 2, 9, 3, 3, 1] -> 39
[2, 2, 3, 4, 4, 8, 3, 1, 5] -> 39
[5, 5, 1, 1, 1, 8, 1, 1, 5] -> 39
[5, 2, 9, 5, 4, 8, 6, 1, 5] -> 40
[1, 2, 3, 5, 3, 6, 3, 4, 1] -> 40
[2, 6, 5, 5, 1, 5, 9, 3, 1] -> 40
[2, 2, 8, 7, 4, 7, 1, 6, 8] -> 40
[2, 9, 3, 5, 1, 7, 1, 7, 2] -> 40
[9, 5, 4, 3, 8, 6, 1, 1, 1] -> 40
[5, 2, 3, 5, 4, 9, 2, 3, 5] -> 40
[5, 9, 6, 2, 3, 6, 3, 3, 5] -> 40
[9, 2, 3, 9, 3, 8, 4, 1, 3] -> 40
[8, 7, 4, 7, 7, 5, 3, 1, 5] -> 40
[9, 2, 3, 7, 8, 3, 6, 1, 3] -> 40
[7, 2, 3, 7, 8, 3, 6, 1, 3] -> 40
[7, 2, 3, 7, 8, 2, 3, 5, 6] -> 40
[9, 3, 3, 1, 7, 4, 3, 3, 1] -> 40
[8, 8, 3, 4, 7, 9, 5, 1, 5] -> 41
[7, 5, 6, 8, 3, 6, 3, 3, 5] -> 41
[2, 7, 4, 7, 7, 5, 6, 8, 6] -> 41
[2, 7, 4, 7, 7, 5, 6, 8, 6] -> 41
[7, 9, 6, 4, 2, 8, 9, 7, 7] -> 41
[5, 2, 9, 5, 4, 8, 1, 5, 6] -> 41
[2, 2, 3, 7, 9, 4, 8, 1, 7] -> 41
[2, 3, 1, 5, 4, 5, 5, 6, 1] -> 41
[1, 7, 4, 7, 7, 6, 5, 6, 4] -> 41
[5, 2, 9, 5, 4, 8, 1, 5, 6] -> 41
[7, 2, 5, 2, 4, 8, 2, 1, 5] -> 42
[8, 2, 3, 5, 3, 6, 3, 6, 7] -> 42
[2, 8, 7, 7, 8, 5, 3, 5, 3] -> 42
[2, 2, 3, 7, 9, 7, 8, 1, 7] -> 42
[6, 3, 6, 7, 2, 5, 3, 4, 1] -> 42
[2, 7, 4, 7, 7, 2, 6, 2, 9] -> 42
[2, 8, 4, 6, 2, 9, 3, 3, 7] -> 42
[1, 2, 3, 3, 9, 5, 1, 1, 3] -> 42
[1, 5, 1, 8, 2, 5, 9, 3, 1] -> 42
[5, 2, 9, 5, 4, 8, 6, 5, 5] -> 42
[5, 2, 5, 8, 9, 8, 1, 5, 4] -> 42
[2, 5, 1, 1, 5, 9, 3, 3, 4] -> 42
[2, 7, 3, 9, 2, 7, 2, 1, 2] -> 43
[7, 9, 3, 5, 5, 3, 5, 3, 5] -> 43
[2, 2, 3, 5, 4, 9, 3, 2, 5] -> 43
[6, 2, 3, 3, 9, 5, 1, 1, 3] -> 43
[5, 2, 9, 2, 2, 7, 9, 3, 1] -> 43
[2, 3, 9, 6, 3, 1, 2, 5, 4] -> 43
[1, 2, 3, 5, 3, 8, 8, 8, 6] -> 43
[6, 5, 2, 5, 7, 8, 2, 6, 4] -> 43
[1, 5, 3, 7, 2, 9, 3, 3, 1] -> 43
[6, 2, 2, 7, 2, 9, 2, 8, 1] -> 43
[5, 2, 5, 8, 9, 8, 1, 1, 5] -> 43
[6, 8, 3, 5, 1, 7, 1, 7, 8] -> 43
[5, 9, 6, 8, 2, 8, 2, 6, 7] -> 44
[5, 2, 1, 5, 1, 5, 7, 8, 6] -> 44
[1, 3, 9, 6, 3, 1, 2, 5, 4] -> 44
[5, 3, 8, 3, 2, 9, 7, 6, 2] -> 44
[1, 7, 6, 1, 3, 3, 1, 8, 1] -> 44
[2, 9, 6, 4, 2, 8, 9, 7, 7] -> 44
[8, 7, 3, 5, 1, 7, 1, 7, 2] -> 45
[5, 2, 9, 9, 7, 6, 5, 6, 1] -> 45
[6, 7, 2, 5, 5, 3, 5, 3, 5] -> 45
[2, 2, 3, 4, 3, 2, 1, 8, 5] -> 46
[2, 7, 2, 6, 6, 8, 5, 5, 6] -> 46
[3, 6, 3, 1, 8, 1, 2, 5, 4] -> 46
[1, 7, 1, 7, 1, 4, 3, 3, 1] -> 46
[2, 2, 3, 7, 9, 1, 1, 5, 5] -> 46
[2, 2, 3, 7, 9, 2, 1, 8, 5] -> 46
[5, 5, 6, 7, 2, 9, 3, 3, 1] -> 46
[2, 8, 7, 5, 9, 5, 3, 1, 5] -> 46
[5, 6, 8, 9, 2, 4, 3, 1, 5] -> 46
[1, 7, 1, 7, 1, 4, 3, 3, 1] -> 46
[1, 9, 3, 7, 7, 6, 4, 5, 5] -> 47
[7, 5, 1, 1, 5, 9, 3, 3, 4] -> 47
[1, 9, 3, 7, 7, 5, 4, 4, 6] -> 47
[8, 7, 4, 7, 7, 5, 1, 7, 2] -> 47
[1, 7, 9, 5, 8, 1, 1, 7, 1] -> 47
[2, 2, 3, 2, 4, 8, 2, 6, 4] -> 47
[3, 6, 3, 3, 2, 1, 3, 1, 5] -> 47
[1, 7, 2, 6, 6, 2, 2, 1, 5] -> 47
[5, 3, 3, 6, 3, 5, 1, 3, 9] -> 47
[7, 6, 7, 5, 9, 7, 4, 1, 5] -> 47
[4, 5, 7, 7, 2, 8, 3, 3, 1] -> 47
[2, 2, 3, 2, 4, 8, 2, 6, 4] -> 47
[2, 2, 3, 2, 4, 8, 2, 6, 4] -> 47
[3, 3, 4, 7, 2, 8, 6, 8, 5] -> 47
[4, 5, 8, 5, 9, 5, 3, 1, 5] -> 47
[1, 7, 9, 5, 8, 1, 1, 7, 1] -> 47
[7, 6, 1, 7, 3, 5, 9, 2, 3] -> 47
[3, 3, 6, 7, 2, 5, 3, 4, 1] -> 47
[6, 2, 3, 5, 3, 6, 3, 6, 7] -> 48
[6, 9, 7, 5, 2, 8, 3, 3, 8] -> 48
[5, 3, 7, 3, 2, 9, 2, 8, 1] -> 48
[2, 2, 3, 7, 9, 1, 5, 3, 5] -> 48
[1, 1, 6, 6, 9, 9, 5, 3, 1] -> 48
[5, 9, 7, 9, 8, 5, 3, 3, 5] -> 48
[2, 2, 3, 7, 3, 7, 5, 1, 5] -> 49
[4, 5, 7, 7, 2, 8, 6, 8, 5] -> 49
[1, 7, 1, 4, 2, 6, 3, 5, 1] -> 49
[8, 7, 2, 2, 6, 2, 6, 1, 5] -> 49
[1, 5, 1, 1, 1, 8, 1, 1, 5] -> 49
[8, 9, 8, 7, 2, 9, 5, 1, 5] -> 49
[1, 2, 8, 5, 3, 6, 5, 8, 6] -> 49
[3, 6, 3, 7, 2, 8, 3, 3, 8] -> 49
[1, 2, 3, 5, 3, 6, 3, 3, 1] -> 49
[1, 7, 8, 9, 2, 4, 3, 1, 5] -> 49
[8, 7, 3, 5, 1, 7, 1, 7, 8] -> 49
[2, 2, 3, 7, 9, 2, 6, 3, 5] -> 50
[8, 7, 7, 5, 9, 5, 1, 1, 3] -> 50
[5, 2, 1, 5, 1, 1, 3, 5, 4] -> 50
[2, 8, 8, 1, 1, 8, 5, 6, 1] -> 50
[2, 2, 3, 5, 3, 6, 3, 6, 7] -> 50
[1, 7, 6, 1, 3, 7, 4, 1, 5] -> 50
[3, 9, 7, 5, 9, 5, 1, 1, 3] -> 51
[7, 9, 3, 8, 7, 8, 2, 6, 4] -> 51
[5, 2, 8, 3, 1, 6, 6, 4, 1] -> 51
[1, 9, 3, 7, 7, 5, 1, 5, 5] -> 51
[6, 2, 2, 7, 1, 4, 3, 3, 1] -> 51
[2, 8, 8, 7, 2, 9, 5, 5, 4] -> 51
[6, 9, 8, 9, 2, 9, 6, 1, 5] -> 51
[2, 8, 5, 7, 1, 8, 4, 5, 3] -> 52
[1, 5, 1, 9, 5, 9, 3, 1, 2] -> 52
[8, 6, 3, 7, 1, 7, 1, 1, 3] -> 52
[2, 4, 5, 8, 9, 2, 1, 7, 1] -> 52
[2, 2, 3, 7, 2, 4, 7, 5, 6] -> 53
[3, 6, 3, 7, 1, 8, 5, 1, 5] -> 53
[1, 9, 8, 7, 9, 1, 6, 1, 5] -> 53
[1, 7, 1, 1, 3, 5, 2, 1, 3] -> 53
[1, 2, 3, 5, 3, 6, 3, 5, 5] -> 53
[7, 7, 7, 5, 9, 5, 1, 1, 3] -> 53
[2, 8, 4, 5, 8, 1, 1, 5, 5] -> 53
[2, 8, 4, 5, 8, 1, 1, 3, 1] -> 53
[8, 2, 4, 3, 2, 5, 3, 6, 4] -> 53
[7, 1, 1, 5, 1, 8, 3, 6, 1] -> 53
[4, 5, 7, 7, 2, 6, 6, 6, 8] -> 54
[7, 6, 7, 5, 2, 8, 3, 3, 8] -> 54
[3, 6, 3, 7, 1, 7, 1, 7, 2] -> 54
[2, 8, 5, 7, 1, 1, 5, 1, 3] -> 54
[1, 3, 5, 1, 2, 9, 6, 3, 1] -> 54
[2, 2, 2, 1, 3, 7, 3, 3, 5] -> 54
[1, 9, 8, 7, 9, 1, 5, 5, 6] -> 54
[2, 8, 3, 6, 8, 6, 1, 5, 5] -> 54
[2, 6, 1, 5, 4, 6, 6, 2, 4] -> 54
[1, 3, 6, 8, 3, 6, 3, 3, 5] -> 55
[2, 2, 1, 5, 9, 6, 3, 3, 8] -> 55
[2, 2, 5, 1, 2, 9, 6, 3, 1] -> 55
[9, 4, 3, 4, 9, 8, 9, 1, 5] -> 55
[4, 5, 5, 5, 2, 4, 7, 5, 6] -> 55
[2, 8, 4, 5, 1, 7, 1, 5, 4] -> 55
[2, 2, 3, 7, 9, 2, 1, 7, 1] -> 55
[5, 8, 7, 5, 9, 5, 3, 1, 5] -> 55
[6, 2, 2, 7, 9, 1, 6, 1, 5] -> 55
[7, 7, 3, 4, 8, 5, 1, 3, 7] -> 55
[1, 7, 2, 6, 6, 2, 6, 6, 8] -> 55
[9, 8, 7, 5, 9, 5, 3, 1, 5] -> 55
[6, 8, 5, 7, 1, 8, 3, 3, 5] -> 55
[2, 9, 5, 7, 9, 4, 8, 1, 7] -> 56
[1, 7, 4, 7, 7, 5, 5, 7, 2] -> 56
[5, 2, 8, 4, 1, 6, 6, 3, 1] -> 56
[5, 3, 4, 2, 2, 5, 3, 6, 4] -> 56
[6, 7, 6, 1, 9, 6, 6, 1, 7] -> 56
[2, 9, 2, 9, 5, 3, 4, 5, 3] -> 56
[2, 8, 5, 7, 1, 8, 3, 5, 6] -> 56
[2, 8, 7, 5, 1, 5, 9, 4, 6] -> 56
[2, 8, 8, 7, 2, 9, 5, 1, 5] -> 56
[1, 7, 1, 1, 3, 2, 2, 1, 5] -> 56
[6, 3, 4, 9, 9, 2, 1, 7, 1] -> 56
[5, 2, 5, 8, 9, 6, 3, 6, 1] -> 57
[1, 3, 6, 1, 3, 7, 1, 7, 2] -> 57
[5, 7, 4, 5, 1, 7, 1, 7, 2] -> 57
[7, 7, 3, 4, 8, 5, 1, 4, 1] -> 57
[8, 3, 4, 9, 9, 2, 1, 7, 1] -> 58
[2, 6, 9, 5, 1, 9, 6, 3, 1] -> 58
[2, 6, 9, 5, 1, 5, 8, 5, 3] -> 58
[2, 7, 5, 5, 9, 4, 5, 3, 5] -> 59
[2, 8, 5, 7, 1, 8, 3, 3, 5] -> 59
[1, 2, 8, 3, 1, 6, 6, 4, 1] -> 59
[2, 6, 3, 9, 9, 5, 1, 3, 4] -> 59
[8, 2, 4, 3, 2, 9, 8, 3, 7] -> 59
[2, 6, 3, 9, 9, 5, 1, 6, 8] -> 59
[2, 6, 1, 5, 4, 6, 6, 5, 5] -> 59
[6, 7, 2, 5, 5, 3, 9, 3, 1] -> 59
[2, 8, 7, 5, 2, 8, 3, 3, 8] -> 60
[1, 3, 6, 1, 3, 7, 5, 1, 5] -> 60
[2, 7, 4, 5, 1, 7, 1, 7, 2] -> 60
[5, 2, 4, 3, 2, 9, 8, 3, 7] -> 60
[7, 8, 5, 8, 9, 6, 2, 6, 7] -> 60
[1, 7, 2, 5, 7, 8, 3, 7, 2] -> 60
[5, 2, 1, 5, 1, 2, 2, 1, 5] -> 60
[6, 9, 4, 6, 8, 6, 3, 4, 2] -> 60
[1, 3, 6, 1, 3, 7, 5, 1, 6] -> 60
[2, 6, 9, 5, 2, 8, 3, 1, 5] -> 60
[2, 8, 5, 7, 1, 8, 5, 3, 5] -> 60
[1, 3, 6, 1, 3, 5, 3, 5, 3] -> 60
[7, 9, 3, 8, 3, 5, 8, 7, 1] -> 61
[3, 6, 3, 7, 1, 7, 1, 1, 3] -> 61
[1, 3, 6, 1, 3, 7, 1, 4, 1] -> 61
[2, 6, 5, 5, 1, 5, 9, 4, 6] -> 61
[2, 9, 7, 7, 1, 7, 6, 5, 6] -> 61
[5, 7, 4, 5, 1, 7, 5, 3, 7] -> 61
[5, 4, 1, 3, 7, 2, 1, 8, 5] -> 62
[2, 6, 9, 5, 2, 9, 3, 3, 4] -> 62
[7, 9, 7, 7, 1, 7, 6, 5, 6] -> 62
[2, 6, 9, 5, 2, 9, 3, 3, 8] -> 63
[2, 3, 1, 7, 8, 5, 3, 3, 5] -> 63
[1, 3, 6, 1, 3, 7, 3, 3, 5] -> 63
[7, 7, 1, 7, 1, 6, 6, 4, 1] -> 63
[5, 2, 9, 2, 2, 7, 9, 3, 4] -> 63
[1, 2, 1, 4, 8, 1, 3, 3, 1] -> 63
[5, 4, 5, 5, 9, 4, 5, 3, 5] -> 64
[1, 2, 1, 5, 1, 7, 1, 5, 4] -> 64
[2, 6, 9, 5, 2, 9, 3, 3, 5] -> 64
[7, 7, 1, 7, 3, 5, 9, 2, 3] -> 64
[8, 9, 8, 8, 9, 2, 1, 3, 1] -> 64
[8, 9, 3, 6, 8, 6, 1, 5, 5] -> 64
[2, 6, 9, 5, 2, 9, 3, 3, 5] -> 64
[2, 8, 5, 7, 1, 8, 5, 5, 5] -> 64
[8, 9, 3, 1, 4, 5, 7, 8, 1] -> 65
[7, 7, 1, 7, 3, 5, 6, 1, 7] -> 65
[4, 6, 3, 7, 9, 2, 6, 3, 5] -> 65
[8, 9, 3, 6, 8, 6, 1, 5, 3] -> 65
[6, 7, 2, 5, 5, 3, 9, 7, 2] -> 65
[6, 3, 1, 4, 8, 5, 5, 3, 5] -> 65
[8, 5, 3, 8, 9, 5, 3, 1, 5] -> 66
[9, 5, 4, 1, 1, 8, 3, 1, 5] -> 66
[1, 2, 3, 3, 2, 1, 3, 1, 5] -> 66
[1, 3, 5, 1, 2, 9, 6, 3, 5] -> 66
[2, 6, 9, 5, 1, 5, 9, 4, 6] -> 66
[2, 8, 3, 8, 9, 9, 8, 1, 7] -> 67
[1, 7, 2, 9, 8, 5, 3, 3, 5] -> 67
[2, 2, 3, 7, 1, 7, 6, 5, 6] -> 67
[1, 1, 1, 5, 1, 8, 3, 6, 1] -> 67
[5, 3, 7, 3, 2, 9, 3, 1, 5] -> 67
[8, 9, 8, 8, 9, 2, 1, 7, 1] -> 68
[7, 1, 1, 5, 1, 8, 3, 3, 5] -> 68
[2, 8, 8, 7, 1, 7, 5, 1, 5] -> 68
[1, 1, 6, 6, 2, 9, 3, 3, 8] -> 69
[2, 7, 5, 5, 9, 5, 5, 5, 4] -> 69
[1, 7, 2, 7, 5, 3, 5, 7, 1] -> 70
[2, 3, 9, 6, 2, 9, 3, 3, 7] -> 70
[2, 8, 8, 7, 1, 7, 1, 7, 2] -> 70
[4, 7, 1, 7, 3, 5, 6, 3, 1] -> 71
[1, 7, 1, 5, 4, 7, 9, 7, 6] -> 71
[2, 2, 9, 8, 2, 8, 3, 3, 8] -> 72
[2, 2, 9, 8, 2, 8, 3, 3, 8] -> 72
[7, 1, 1, 5, 1, 8, 1, 5, 4] -> 72
[3, 2, 8, 3, 1, 6, 6, 5, 5] -> 73
[7, 7, 8, 7, 1, 7, 1, 8, 6] -> 73
[1, 8, 8, 7, 1, 7, 5, 1, 5] -> 73
[7, 8, 5, 8, 9, 6, 3, 6, 1] -> 74
[1, 9, 2, 1, 8, 2, 3, 5, 6] -> 75
[1, 2, 8, 3, 1, 6, 6, 5, 5] -> 75
[7, 7, 1, 7, 3, 7, 3, 4, 1] -> 76
[2, 6, 1, 5, 4, 7, 9, 7, 2] -> 76
[2, 2, 4, 5, 1, 7, 1, 7, 2] -> 76
[2, 8, 8, 1, 1, 7, 7, 1, 5] -> 76
[1, 4, 1, 1, 9, 9, 3, 5, 8] -> 77
[7, 7, 8, 7, 1, 7, 1, 7, 2] -> 77
[7, 7, 8, 7, 1, 7, 1, 7, 2] -> 77
[1, 2, 2, 4, 1, 8, 2, 1, 5] -> 78
[7, 7, 1, 7, 3, 5, 6, 3, 1] -> 78
[6, 3, 1, 4, 8, 1, 3, 3, 1] -> 79
[2, 8, 8, 1, 1, 8, 3, 1, 5] -> 80
[6, 3, 2, 2, 9, 5, 5, 6, 1] -> 81
[6, 7, 2, 7, 9, 7, 4, 1, 5] -> 81
[1, 7, 2, 7, 9, 2, 6, 3, 5] -> 82
[1, 7, 2, 7, 9, 2, 3, 5, 4] -> 82
[8, 3, 1, 4, 8, 1, 3, 3, 1] -> 83
[8, 9, 3, 7, 9, 5, 3, 5, 5] -> 84
[1, 2, 3, 5, 1, 8, 1, 1, 5] -> 84
[7, 9, 2, 4, 8, 1, 5, 3, 5] -> 84
[2, 4, 1, 9, 9, 6, 3, 3, 5] -> 85
[8, 9, 3, 6, 8, 6, 6, 6, 3] -> 85
[1, 7, 2, 7, 9, 2, 4, 5, 3] -> 85
[7, 9, 2, 4, 8, 1, 3, 5, 4] -> 85
[3, 4, 7, 1, 1, 8, 1, 1, 5] -> 85
[1, 9, 2, 1, 8, 2, 6, 8, 5] -> 85
[8, 9, 3, 7, 9, 5, 3, 4, 1] -> 87
[1, 7, 2, 7, 9, 1, 6, 1, 7] -> 88
[3, 7, 1, 5, 6, 2, 5, 3, 8] -> 89
[2, 5, 1, 4, 8, 1, 7, 1, 5] -> 90
[3, 7, 1, 5, 6, 2, 2, 1, 5] -> 90
[5, 4, 1, 9, 9, 6, 3, 3, 5] -> 90
[8, 9, 3, 6, 8, 6, 3, 8, 1] -> 91
[1, 7, 1, 5, 6, 2, 2, 1, 5] -> 92
[1, 1, 6, 6, 9, 6, 8, 7, 1] -> 94
[2, 8, 3, 8, 9, 5, 5, 6, 1] -> 96
[2, 7, 1, 3, 7, 2, 1, 8, 5] -> 100
[6, 8, 3, 8, 9, 5, 5, 6, 1] -> 102
[1, 7, 1, 4, 8, 9, 3, 5, 4] -> 105
[2, 7, 1, 4, 8, 5, 1, 3, 7] -> 107
[1, 7, 1, 4, 8, 5, 9, 2, 3] -> 109
[1, 7, 1, 4, 8, 5, 1, 3, 7] -> 110
[1, 7, 1, 4, 8, 5, 1, 3, 7] -> 110
[1, 7, 1, 4, 8, 5, 1, 3, 5] -> 110
[1, 7, 1, 4, 8, 5, 1, 5, 4] -> 113
[3, 7, 1, 4, 8, 7, 7, 5, 6] -> 113
[2, 7, 1, 4, 8, 1, 3, 5, 4] -> 114
[2, 7, 1, 4, 8, 1, 1, 5, 5] -> 115
[1, 7, 1, 4, 8, 5, 1, 3, 1] -> 116
[1, 7, 1, 4, 8, 5, 1, 1, 5] -> 116
[5, 7, 1, 4, 8, 7, 7, 5, 6] -> 117
[7, 7, 1, 5, 9, 6, 3, 3, 8] -> 125
[1, 7, 1, 4, 8, 1, 3, 3, 1] -> 128
[1, 7, 1, 4, 8, 1, 2, 8, 1] -> 135
[1, 7, 1, 4, 8, 1, 2, 8, 1] -> 135
[5, 9, 1, 4, 8, 5, 1, 3, 7] -> 136